10001,073.8375068396058400,18.4433555677291600,00,320
10001,073.8375770365659000,18.4432781077629700,00,320
10001,073.8376535281079600,18.4431845133846900,00,320
10001,073.8377478033825000,18.4430720716962500,00,320
10001,073.8378449583115500,18.4429843383178300,00,320
10001,073.8379249913356100,18.4428726771493800,00,320
10001,073.8380203272212200,18.4427807298513500,00,320
10001,073.8380761127834600,18.4426844397116100,00,320
10001,073.8381693777901000,18.4425892136964600,00,320
10001,073.8382633500074500,18.4424780773138400,00,320
10001,073.8383740748800900,18.4423500912897700,00,320
10001,073.8384747595230700,18.4422305975375000,00,320
10001,073.8385883016535400,18.4420858745652900,00,320
10001,073.8386723366343200,18.4419778832402800,00,320
10001,073.8387509199465100,18.4418697358387300,00,320
10001,073.8388093314561100,18.4417777111631600,00,320
10001,073.8388627192595200,18.4417199339108400,00,320
10001,073.8389631845256400,18.4415950172977300,00,320
10001,073.8390246257959300,18.4415077836188800,00,320
10001,073.8390842615324400,18.4414273952012400,00,320
10001,073.8391514333214200,18.4413390446344500,00,320
10001,073.8392077870276600,18.4412680898147100,00,320
10001,073.8392688415150900,18.4411663154610500,00,320
10001,073.8393110501542900,18.4411052112201100,00,320
10001,073.8393565252422700,18.4410410237696800,00,320
10001,073.8393825200310100,18.4409643704862500,00,320
10001,073.8394309566347600,18.4408739620721000,00,320
10001,073.8394851585026100,18.4407831524657800,00,320
10001,073.8395011248808700,18.4407110436371600,00,320
10001,073.8395387083995300,18.4406343175939900,00,320
10001,073.8395756584927200,18.4405295592897900,00,320
10001,073.8396150299453800,18.4404298156922100,00,320
10001,073.8396498365846700,18.4403449401773000,00,320
10001,073.8396491244723200,18.4402580062161700,00,320
10001,073.8396724921920900,18.4401811909811900,00,320
10001,073.8396955702363900,18.4401186120828100,00,320
10001,073.8397147474552000,18.4400507446304900,00,320
10001,073.8397369162658100,18.4399843072010800,00,320
10001,073.8397387562558800,18.4399214562406800,00,320
10001,073.8397372488927000,18.4398597935295200,00,320
10001,073.8397679248158600,18.4397857902106500,00,320