10002,073.8398319358768700,18.4398299058329800,00,290
10002,073.8398362932032900,18.4399388229094000,00,290
10002,073.8398341809902400,18.4400550198473700,00,290
10002,073.8398152603671300,18.4401949446086400,00,290
10002,073.8397942590575700,18.4403037732145900,00,290
10002,073.8397510957128700,18.4404315402374800,00,290
10002,073.8396995789907800,18.4405772590732100,00,290
10002,073.8396458418828600,18.4407437818606200,00,290
10002,073.8395742127044200,18.4409131108358500,00,290
10002,073.8395153940944100,18.4410354729550000,00,290
10002,073.8394624929858300,18.4411444636365700,00,290
10002,073.8394200916798400,18.4412479925451200,00,290
10002,073.8393688867148200,18.4413491237483000,00,290
10002,073.8393121790581700,18.4414531241716300,00,290
10002,073.8392454296038800,18.4415501369922700,00,290
10002,073.8391988047753600,18.4416350642231700,00,290
10002,073.8391488145811700,18.4416905556630700,00,290
10002,073.8390706421372900,18.4417718447384100,00,290
10002,073.8390036765754000,18.4418555769455400,00,290
10002,073.8389382076112200,18.4419537350163600,00,290
10002,073.8388661117698200,18.4420672015630300,00,290
10002,073.8387977398602700,18.4421269025187800,00,290
10002,073.8387033089212400,18.4422504962885500,00,290
10002,073.8386180987863700,18.4423541767876800,00,290
10002,073.8385423951572200,18.4424424230017100,00,290
10002,073.8384595962255100,18.4425385647444300,00,290
10002,073.8383887687614300,18.4426018542006100,00,290
10002,073.8382875365838300,18.4427352687061400,00,290
10002,073.8382189515001700,18.4428329714561200,00,290
10002,073.8381115104756700,18.4429471857695800,00,290
10002,073.8380093150136400,18.4430815867633200,00,290
10002,073.8379083445761100,18.4432261817705900,00,290
10002,073.8377975821081500,18.4433695403318700,00,290
10002,073.8376767073521200,18.4435245058362700,00,290