10000,073.8395348135976700,18.4398160699357200,00,400
10000,073.8395328305465600,18.4398579266577300,00,300
10000,073.8395273420303500,18.4399096566593300,00,400
10000,073.8395122706645400,18.4399687608453800,00,300
10000,073.8395039443086600,18.4400259094093800,00,400
10000,073.8395321946170900,18.4400624425468100,00,300
10000,073.8395255878704100,18.4401084569724400,00,400
10000,073.8395102878749300,18.4401473359531700,00,300
10000,073.8394798670931200,18.4401717920483500,00,400
10000,073.8394548087117800,18.4402492193079700,00,300
10000,073.8394115459300300,18.4403654399599900,00,400
10000,073.8393778253528400,18.4404894011942000,00,300
10000,073.8393484926755000,18.4405631219466200,00,300
10000,073.8393176468898000,18.4406427006963500,00,300
10000,073.8392701714387000,18.4407530429510600,00,300
10000,073.8392161662868300,18.4408622825192000,00,300
10000,073.8391542805945900,18.4409857397524400,00,300
10000,073.8391061721800200,18.4410814004040200,00,300
10000,073.8390546621384900,18.4411636772272000,00,300
10000,073.8389870998519900,18.4412745918138800,00,300
10000,073.8389129476703500,18.4413700869137800,00,300
10000,073.8388433429714200,18.4414580811833700,00,300
10000,073.8387794270350400,18.4415369954835100,00,300
10000,073.8386992403147800,18.4416321697649900,00,300
10000,073.8386203955592500,18.4417364434081700,00,300
10000,073.8385378434928600,18.4418287754369500,00,300
10000,073.8384175677830400,18.4419839538681600,00,300
10000,073.8383456718372000,18.4420730167823800,00,300
10000,073.8382634339252500,18.4421774106619900,00,300
10000,073.8381768218297900,18.4422924282773800,00,300
10000,073.8380414911521700,18.4424609781576800,00,300
10000,073.8379808944153400,18.4425445954306900,00,300
10000,073.8379228444319600,18.4426218517313800,00,300
10000,073.8378713612614200,18.4426968662428000,00,300
10000,073.8378337365263600,18.4427663908078600,00,300
10000,073.8377835903882700,18.4428255995303800,00,300
10000,073.8377248732821100,18.4428686854146700,00,300
10000,073.8376002699036200,18.4430143030253900,00,300
10000,073.8375034594133800,18.4431335028445100,00,300